 >FROMFILE rose; AX,AY,AZ = 9.0000 9.0000 9.0000
       2549  = NAT
 1.000000  0.000000  0.000000 =  vector
 0.000000  1.000000  0.000000 =  vector
 1.000000  1.000000  1.000000 =  lattice spacings (d_x,d_y,d_z)/d
 51.00000  51.00000  51.00000 =  lattice offset
    JA   IX   IY   IZ   ICOMP(x, y, z)
     1   38   48   52         1  1  1
     2   38   51   46         1  1  1
     3   39   47   51         1  1  1
     4   39   48   52         1  1  1
     5   39   51   46         1  1  1
     6   39   54   44         1  1  1
     7   40   44   51         1  1  1
     8   40   46   52         1  1  1
     9   40   47   51         1  1  1
    10   40   47   52         1  1  1
    11   40   48   50         1  1  1
    12   40   48   51         1  1  1
    13   40   48   52         1  1  1
    14   40   48   53         1  1  1
    15   40   48   54         1  1  1
    16   40   49   46         1  1  1
    17   40   49   50         1  1  1
    18   40   49   52         1  1  1
    19   40   50   46         1  1  1
    20   40   50   52         1  1  1
    21   40   51   44         1  1  1
    22   40   51   45         1  1  1
    23   40   51   46         1  1  1
    24   40   51   47         1  1  1
    25   40   51   48         1  1  1
    26   40   52   46         1  1  1
    27   40   53   45         1  1  1
    28   40   53   46         1  1  1
    29   40   53   52         1  1  1
    30   40   54   44         1  1  1
    31   41   42   52         1  1  1
    32   41   44   51         1  1  1
    33   41   45   51         1  1  1
    34   41   46   50         1  1  1
    35   41   46   51         1  1  1
    36   41   47   49         1  1  1
    37   41   47   50         1  1  1
    38   41   47   51         1  1  1
    39   41   47   52         1  1  1
    40   41   47   53         1  1  1
    41   41   47   54         1  1  1
    42   41   48   43         1  1  1
    43   41   48   51         1  1  1
    44   41   48   52         1  1  1
    45   41   49   50         1  1  1
    46   41   49   51         1  1  1
    47   41   51   46         1  1  1
    48   41   51   48         1  1  1
    49   41   51   53         1  1  1
    50   41   52   44         1  1  1
    51   41   53   44         1  1  1
    52   41   53   45         1  1  1
    53   41   53   52         1  1  1
    54   41   54   42         1  1  1
    55   41   54   43         1  1  1
    56   41   54   44         1  1  1
    57   41   54   45         1  1  1
    58   41   54   46         1  1  1
    59   41   54   47         1  1  1
    60   41   55   44         1  1  1
    61   41   55   51         1  1  1
    62   41   56   44         1  1  1
    63   42   42   51         1  1  1
    64   42   42   52         1  1  1
    65   42   43   47         1  1  1
    66   42   43   51         1  1  1
    67   42   44   49         1  1  1
    68   42   44   50         1  1  1
    69   42   44   51         1  1  1
    70   42   44   52         1  1  1
    71   42   44   53         1  1  1
    72   42   45   51         1  1  1
    73   42   46   50         1  1  1
    74   42   46   51         1  1  1
    75   42   47   50         1  1  1
    76   42   47   51         1  1  1
    77   42   47   54         1  1  1
    78   42   48   43         1  1  1
    79   42   48   47         1  1  1
    80   42   48   50         1  1  1
    81   42   48   52         1  1  1
    82   42   49   48         1  1  1
    83   42   49   49         1  1  1
    84   42   49   50         1  1  1
    85   42   49   51         1  1  1
    86   42   49   52         1  1  1
    87   42   49   63         1  1  1
    88   42   50   50         1  1  1
    89   42   51   41         1  1  1
    90   42   51   45         1  1  1
    91   42   51   46         1  1  1
    92   42   51   48         1  1  1
    93   42   51   50         1  1  1
    94   42   51   52         1  1  1
    95   42   51   53         1  1  1
    96   42   52   45         1  1  1
    97   42   52   49         1  1  1
    98   42   52   52         1  1  1
    99   42   52   55         1  1  1
   100   42   53   43         1  1  1
   101   42   53   44         1  1  1
   102   42   53   45         1  1  1
   103   42   53   46         1  1  1
   104   42   53   47         1  1  1
   105   42   53   50         1  1  1
   106   42   53   51         1  1  1
   107   42   53   52         1  1  1
   108   42   53   53         1  1  1
   109   42   53   54         1  1  1
   110   42   54   44         1  1  1
   111   42   54   45         1  1  1
   112   42   54   47         1  1  1
   113   42   54   52         1  1  1
   114   42   55   45         1  1  1
   115   42   55   51         1  1  1
   116   42   55   52         1  1  1
   117   43   40   52         1  1  1
   118   43   41   52         1  1  1
   119   43   42   50         1  1  1
   120   43   42   51         1  1  1
   121   43   42   52         1  1  1
   122   43   42   53         1  1  1
   123   43   42   54         1  1  1
   124   43   43   47         1  1  1
   125   43   43   52         1  1  1
   126   43   44   50         1  1  1
   127   43   44   51         1  1  1
   128   43   44   52         1  1  1
   129   43   45   50         1  1  1
   130   43   45   52         1  1  1
   131   43   45   54         1  1  1
   132   43   46   43         1  1  1
   133   43   46   48         1  1  1
   134   43   46   49         1  1  1
   135   43   46   50         1  1  1
   136   43   46   51         1  1  1
   137   43   46   52         1  1  1
   138   43   46   54         1  1  1
   139   43   47   43         1  1  1
   140   43   47   50         1  1  1
   141   43   47   51         1  1  1
   142   43   47   52         1  1  1
   143   43   47   53         1  1  1
   144   43   47   54         1  1  1
   145   43   47   55         1  1  1
   146   43   47   56         1  1  1
   147   43   48   41         1  1  1
   148   43   48   42         1  1  1
   149   43   48   43         1  1  1
   150   43   48   44         1  1  1
   151   43   48   45         1  1  1
   152   43   48   47         1  1  1
   153   43   48   50         1  1  1
   154   43   48   54         1  1  1
   155   43   49   43         1  1  1
   156   43   49   48         1  1  1
   157   43   49   50         1  1  1
   158   43   49   51         1  1  1
   159   43   49   53         1  1  1
   160   43   49   54         1  1  1
   161   43   49   63         1  1  1
   162   43   50   42         1  1  1
   163   43   50   43         1  1  1
   164   43   50   48         1  1  1
   165   43   50   53         1  1  1
   166   43   50   56         1  1  1
   167   43   51   41         1  1  1
   168   43   51   45         1  1  1
   169   43   51   46         1  1  1
   170   43   51   47         1  1  1
   171   43   51   48         1  1  1
   172   43   51   49         1  1  1
   173   43   51   50         1  1  1
   174   43   51   51         1  1  1
   175   43   51   52         1  1  1
   176   43   51   53         1  1  1
   177   43   51   54         1  1  1
   178   43   51   55         1  1  1
   179   43   52   47         1  1  1
   180   43   52   48         1  1  1
   181   43   52   49         1  1  1
   182   43   52   53         1  1  1
   183   43   52   55         1  1  1
   184   43   53   45         1  1  1
   185   43   53   47         1  1  1
   186   43   53   48         1  1  1
   187   43   53   51         1  1  1
   188   43   53   52         1  1  1
   189   43   53   53         1  1  1
   190   43   54   44         1  1  1
   191   43   54   45         1  1  1
   192   43   54   46         1  1  1
   193   43   54   47         1  1  1
   194   43   54   48         1  1  1
   195   43   54   49         1  1  1
   196   43   54   51         1  1  1
   197   43   54   53         1  1  1
   198   43   55   47         1  1  1
   199   43   55   49         1  1  1
   200   43   55   50         1  1  1
   201   43   55   51         1  1  1
   202   43   55   52         1  1  1
   203   43   55   53         1  1  1
   204   43   56   47         1  1  1
   205   43   56   50         1  1  1
   206   43   56   51         1  1  1
   207   43   57   51         1  1  1
   208   43   57   56         1  1  1
   209   44   41   47         1  1  1
   210   44   42   47         1  1  1
   211   44   42   52         1  1  1
   212   44   43   44         1  1  1
   213   44   43   45         1  1  1
   214   44   43   46         1  1  1
   215   44   43   47         1  1  1
   216   44   43   48         1  1  1
   217   44   43   49         1  1  1
   218   44   44   47         1  1  1
   219   44   44   51         1  1  1
   220   44   45   47         1  1  1
   221   44   45   52         1  1  1
   222   44   46   47         1  1  1
   223   44   46   50         1  1  1
   224   44   46   53         1  1  1
   225   44   47   47         1  1  1
   226   44   47   49         1  1  1
   227   44   47   54         1  1  1
   228   44   47   57         1  1  1
   229   44   47   63         1  1  1
   230   44   48   43         1  1  1
   231   44   48   45         1  1  1
   232   44   48   46         1  1  1
   233   44   48   47         1  1  1
   234   44   48   48         1  1  1
   235   44   48   49         1  1  1
   236   44   48   61         1  1  1
   237   44   48   63         1  1  1
   238   44   49   41         1  1  1
   239   44   49   47         1  1  1
   240   44   49   50         1  1  1
   241   44   49   51         1  1  1
   242   44   49   61         1  1  1
   243   44   49   62         1  1  1
   244   44   49   63         1  1  1
   245   44   49   64         1  1  1
   246   44   49   65         1  1  1
   247   44   50   41         1  1  1
   248   44   50   42         1  1  1
   249   44   50   47         1  1  1
   250   44   50   49         1  1  1
   251   44   50   52         1  1  1
   252   44   50   55         1  1  1
   253   44   50   56         1  1  1
   254   44   50   63         1  1  1
   255   44   51   39         1  1  1
   256   44   51   40         1  1  1
   257   44   51   41         1  1  1
   258   44   51   42         1  1  1
   259   44   51   43         1  1  1
   260   44   51   45         1  1  1
   261   44   51   48         1  1  1
   262   44   51   49         1  1  1
   263   44   51   53         1  1  1
   264   44   51   55         1  1  1
   265   44   51   63         1  1  1
   266   44   52   41         1  1  1
   267   44   52   46         1  1  1
   268   44   52   47         1  1  1
   269   44   52   48         1  1  1
   270   44   52   49         1  1  1
   271   44   52   50         1  1  1
   272   44   52   51         1  1  1
   273   44   52   53         1  1  1
   274   44   52   54         1  1  1
   275   44   52   55         1  1  1
   276   44   52   56         1  1  1
   277   44   52   57         1  1  1
   278   44   53   41         1  1  1
   279   44   53   43         1  1  1
   280   44   53   45         1  1  1
   281   44   53   49         1  1  1
   282   44   53   50         1  1  1
   283   44   53   52         1  1  1
   284   44   53   55         1  1  1
   285   44   54   47         1  1  1
   286   44   54   49         1  1  1
   287   44   54   53         1  1  1
   288   44   54   55         1  1  1
   289   44   54   56         1  1  1
   290   44   55   51         1  1  1
   291   44   56   50         1  1  1
   292   44   57   56         1  1  1
   293   45   40   42         1  1  1
   294   45   42   46         1  1  1
   295   45   42   52         1  1  1
   296   45   43   44         1  1  1
   297   45   43   47         1  1  1
   298   45   43   52         1  1  1
   299   45   44   52         1  1  1
   300   45   45   50         1  1  1
   301   45   45   51         1  1  1
   302   45   45   52         1  1  1
   303   45   45   53         1  1  1
   304   45   45   54         1  1  1
   305   45   46   43         1  1  1
   306   45   46   50         1  1  1
   307   45   46   52         1  1  1
   308   45   46   53         1  1  1
   309   45   47   49         1  1  1
   310   45   47   51         1  1  1
   311   45   47   52         1  1  1
   312   45   47   54         1  1  1
   313   45   47   57         1  1  1
   314   45   48   42         1  1  1
   315   45   48   43         1  1  1
   316   45   48   47         1  1  1
   317   45   48   48         1  1  1
   318   45   48   51         1  1  1
   319   45   48   56         1  1  1
   320   45   48   58         1  1  1
   321   45   48   61         1  1  1
   322   45   49   42         1  1  1
   323   45   49   45         1  1  1
   324   45   49   49         1  1  1
   325   45   49   50         1  1  1
   326   45   49   51         1  1  1
   327   45   49   52         1  1  1
   328   45   49   53         1  1  1
   329   45   49   56         1  1  1
   330   45   49   63         1  1  1
   331   45   50   40         1  1  1
   332   45   50   41         1  1  1
   333   45   50   42         1  1  1
   334   45   50   43         1  1  1
   335   45   50   44         1  1  1
   336   45   50   45         1  1  1
   337   45   50   51         1  1  1
   338   45   50   52         1  1  1
   339   45   50   54         1  1  1
   340   45   50   55         1  1  1
   341   45   50   56         1  1  1
   342   45   50   57         1  1  1
   343   45   50   58         1  1  1
   344   45   51   41         1  1  1
   345   45   51   42         1  1  1
   346   45   51   43         1  1  1
   347   45   51   44         1  1  1
   348   45   51   45         1  1  1
   349   45   51   46         1  1  1
   350   45   51   47         1  1  1
   351   45   51   48         1  1  1
   352   45   51   51         1  1  1
   353   45   51   53         1  1  1
   354   45   51   56         1  1  1
   355   45   52   42         1  1  1
   356   45   52   45         1  1  1
   357   45   52   46         1  1  1
   358   45   52   49         1  1  1
   359   45   52   53         1  1  1
   360   45   52   54         1  1  1
   361   45   52   55         1  1  1
   362   45   52   56         1  1  1
   363   45   53   43         1  1  1
   364   45   53   45         1  1  1
   365   45   53   50         1  1  1
   366   45   53   53         1  1  1
   367   45   54   42         1  1  1
   368   45   54   47         1  1  1
   369   45   54   48         1  1  1
   370   45   54   50         1  1  1
   371   45   54   51         1  1  1
   372   45   54   52         1  1  1
   373   45   54   53         1  1  1
   374   45   54   54         1  1  1
   375   45   54   55         1  1  1
   376   45   54   56         1  1  1
   377   45   55   50         1  1  1
   378   45   55   51         1  1  1
   379   45   55   52         1  1  1
   380   45   55   53         1  1  1
   381   45   55   56         1  1  1
   382   45   55   57         1  1  1
   383   45   56   48         1  1  1
   384   45   56   49         1  1  1
   385   45   56   50         1  1  1
   386   45   56   51         1  1  1
   387   45   56   52         1  1  1
   388   45   56   53         1  1  1
   389   45   56   56         1  1  1
   390   45   57   50         1  1  1
   391   45   57   54         1  1  1
   392   45   57   55         1  1  1
   393   45   57   56         1  1  1
   394   45   57   57         1  1  1
   395   45   57   58         1  1  1
   396   45   58   50         1  1  1
   397   45   58   56         1  1  1
   398   45   58   58         1  1  1
   399   45   59   56         1  1  1
   400   46   39   41         1  1  1
   401   46   40   42         1  1  1
   402   46   41   44         1  1  1
   403   46   42   44         1  1  1
   404   46   42   46         1  1  1
   405   46   43   38         1  1  1
   406   46   43   42         1  1  1
   407   46   43   43         1  1  1
   408   46   43   44         1  1  1
   409   46   43   45         1  1  1
   410   46   43   46         1  1  1
   411   46   43   47         1  1  1
   412   46   43   48         1  1  1
   413   46   44   44         1  1  1
   414   46   44   52         1  1  1
   415   46   44   53         1  1  1
   416   46   45   41         1  1  1
   417   46   45   44         1  1  1
   418   46   45   49         1  1  1
   419   46   45   52         1  1  1
   420   46   45   53         1  1  1
   421   46   45   57         1  1  1
   422   46   46   43         1  1  1
   423   46   46   49         1  1  1
   424   46   46   51         1  1  1
   425   46   46   52         1  1  1
   426   46   46   53         1  1  1
   427   46   46   54         1  1  1
   428   46   46   55         1  1  1
   429   46   46   57         1  1  1
   430   46   46   61         1  1  1
   431   46   47   47         1  1  1
   432   46   47   48         1  1  1
   433   46   47   49         1  1  1
   434   46   47   50         1  1  1
   435   46   47   51         1  1  1
   436   46   47   53         1  1  1
   437   46   47   55         1  1  1
   438   46   47   56         1  1  1
   439   46   47   57         1  1  1
   440   46   47   58         1  1  1
   441   46   47   59         1  1  1
   442   46   47   61         1  1  1
   443   46   48   47         1  1  1
   444   46   48   48         1  1  1
   445   46   48   49         1  1  1
   446   46   48   52         1  1  1
   447   46   48   53         1  1  1
   448   46   48   57         1  1  1
   449   46   48   58         1  1  1
   450   46   48   59         1  1  1
   451   46   48   60         1  1  1
   452   46   48   61         1  1  1
   453   46   48   62         1  1  1
   454   46   48   63         1  1  1
   455   46   49   44         1  1  1
   456   46   49   49         1  1  1
   457   46   49   50         1  1  1
   458   46   49   51         1  1  1
   459   46   49   52         1  1  1
   460   46   49   57         1  1  1
   461   46   49   61         1  1  1
   462   46   49   63         1  1  1
   463   46   50   42         1  1  1
   464   46   50   46         1  1  1
   465   46   50   47         1  1  1
   466   46   50   50         1  1  1
   467   46   50   51         1  1  1
   468   46   50   52         1  1  1
   469   46   50   53         1  1  1
   470   46   50   54         1  1  1
   471   46   50   56         1  1  1
   472   46   50   61         1  1  1
   473   46   51   41         1  1  1
   474   46   51   43         1  1  1
   475   46   51   45         1  1  1
   476   46   51   46         1  1  1
   477   46   51   50         1  1  1
   478   46   51   52         1  1  1
   479   46   51   56         1  1  1
   480   46   52   43         1  1  1
   481   46   52   44         1  1  1
   482   46   52   45         1  1  1
   483   46   52   46         1  1  1
   484   46   52   47         1  1  1
   485   46   52   48         1  1  1
   486   46   52   49         1  1  1
   487   46   52   50         1  1  1
   488   46   52   52         1  1  1
   489   46   52   54         1  1  1
   490   46   52   55         1  1  1
   491   46   52   56         1  1  1
   492   46   52   59         1  1  1
   493   46   53   41         1  1  1
   494   46   53   42         1  1  1
   495   46   53   43         1  1  1
   496   46   53   44         1  1  1
   497   46   53   45         1  1  1
   498   46   53   46         1  1  1
   499   46   53   48         1  1  1
   500   46   53   49         1  1  1
   501   46   53   50         1  1  1
   502   46   53   51         1  1  1
   503   46   53   52         1  1  1
   504   46   53   53         1  1  1
   505   46   53   56         1  1  1
   506   46   54   42         1  1  1
   507   46   54   43         1  1  1
   508   46   54   46         1  1  1
   509   46   54   48         1  1  1
   510   46   54   50         1  1  1
   511   46   54   53         1  1  1
   512   46   54   54         1  1  1
   513   46   54   55         1  1  1
   514   46   54   56         1  1  1
   515   46   54   57         1  1  1
   516   46   54   58         1  1  1
   517   46   55   43         1  1  1
   518   46   55   50         1  1  1
   519   46   55   52         1  1  1
   520   46   55   56         1  1  1
   521   46   55   57         1  1  1
   522   46   56   50         1  1  1
   523   46   56   51         1  1  1
   524   46   56   56         1  1  1
   525   46   57   56         1  1  1
   526   46   58   58         1  1  1
   527   46   60   50         1  1  1
   528   46   61   53         1  1  1
   529   47   38   42         1  1  1
   530   47   39   41         1  1  1
   531   47   39   42         1  1  1
   532   47   40   40         1  1  1
   533   47   40   41         1  1  1
   534   47   40   42         1  1  1
   535   47   40   43         1  1  1
   536   47   40   44         1  1  1
   537   47   40   46         1  1  1
   538   47   41   40         1  1  1
   539   47   41   42         1  1  1
   540   47   41   46         1  1  1
   541   47   42   42         1  1  1
   542   47   42   44         1  1  1
   543   47   42   45         1  1  1
   544   47   42   46         1  1  1
   545   47   42   47         1  1  1
   546   47   42   48         1  1  1
   547   47   43   38         1  1  1
   548   47   43   44         1  1  1
   549   47   43   46         1  1  1
   550   47   43   48         1  1  1
   551   47   44   39         1  1  1
   552   47   44   43         1  1  1
   553   47   44   46         1  1  1
   554   47   44   52         1  1  1
   555   47   45   41         1  1  1
   556   47   45   43         1  1  1
   557   47   45   49         1  1  1
   558   47   45   52         1  1  1
   559   47   46   41         1  1  1
   560   47   46   42         1  1  1
   561   47   46   43         1  1  1
   562   47   46   44         1  1  1
   563   47   46   45         1  1  1
   564   47   46   48         1  1  1
   565   47   46   53         1  1  1
   566   47   46   58         1  1  1
   567   47   47   43         1  1  1
   568   47   47   45         1  1  1
   569   47   47   48         1  1  1
   570   47   47   49         1  1  1
   571   47   47   57         1  1  1
   572   47   47   58         1  1  1
   573   47   48   43         1  1  1
   574   47   48   46         1  1  1
   575   47   48   47         1  1  1
   576   47   48   48         1  1  1
   577   47   48   49         1  1  1
   578   47   48   50         1  1  1
   579   47   48   51         1  1  1
   580   47   48   56         1  1  1
   581   47   48   57         1  1  1
   582   47   48   58         1  1  1
   583   47   48   59         1  1  1
   584   47   48   60         1  1  1
   585   47   48   61         1  1  1
   586   47   49   41         1  1  1
   587   47   49   44         1  1  1
   588   47   49   48         1  1  1
   589   47   49   50         1  1  1
   590   47   49   51         1  1  1
   591   47   49   58         1  1  1
   592   47   50   42         1  1  1
   593   47   50   47         1  1  1
   594   47   50   48         1  1  1
   595   47   50   52         1  1  1
   596   47   50   54         1  1  1
   597   47   50   55         1  1  1
   598   47   50   56         1  1  1
   599   47   50   58         1  1  1
   600   47   51   45         1  1  1
   601   47   51   49         1  1  1
   602   47   51   54         1  1  1
   603   47   51   56         1  1  1
   604   47   52   42         1  1  1
   605   47   52   45         1  1  1
   606   47   52   46         1  1  1
   607   47   52   48         1  1  1
   608   47   52   52         1  1  1
   609   47   52   53         1  1  1
   610   47   52   54         1  1  1
   611   47   52   55         1  1  1
   612   47   52   56         1  1  1
   613   47   52   59         1  1  1
   614   47   53   42         1  1  1
   615   47   53   43         1  1  1
   616   47   53   48         1  1  1
   617   47   53   50         1  1  1
   618   47   53   52         1  1  1
   619   47   53   53         1  1  1
   620   47   53   54         1  1  1
   621   47   53   57         1  1  1
   622   47   54   40         1  1  1
   623   47   54   41         1  1  1
   624   47   54   42         1  1  1
   625   47   54   43         1  1  1
   626   47   54   44         1  1  1
   627   47   54   46         1  1  1
   628   47   54   47         1  1  1
   629   47   54   48         1  1  1
   630   47   54   49         1  1  1
   631   47   54   50         1  1  1
   632   47   54   52         1  1  1
   633   47   54   53         1  1  1
   634   47   54   54         1  1  1
   635   47   54   56         1  1  1
   636   47   54   57         1  1  1
   637   47   55   41         1  1  1
   638   47   55   42         1  1  1
   639   47   55   47         1  1  1
   640   47   55   48         1  1  1
   641   47   55   50         1  1  1
   642   47   55   51         1  1  1
   643   47   55   52         1  1  1
   644   47   55   53         1  1  1
   645   47   55   54         1  1  1
   646   47   55   55         1  1  1
   647   47   55   56         1  1  1
   648   47   55   57         1  1  1
   649   47   55   58         1  1  1
   650   47   55   59         1  1  1
   651   47   56   42         1  1  1
   652   47   56   48         1  1  1
   653   47   56   50         1  1  1
   654   47   56   51         1  1  1
   655   47   56   52         1  1  1
   656   47   56   57         1  1  1
   657   47   56   58         1  1  1
   658   47   57   52         1  1  1
   659   47   57   53         1  1  1
   660   47   57   56         1  1  1
   661   47   57   57         1  1  1
   662   47   57   58         1  1  1
   663   47   58   49         1  1  1
   664   47   58   56         1  1  1
   665   47   58   57         1  1  1
   666   47   58   58         1  1  1
   667   47   58   59         1  1  1
   668   47   58   60         1  1  1
   669   47   59   58         1  1  1
   670   47   60   50         1  1  1
   671   47   60   54         1  1  1
   672   47   60   58         1  1  1
   673   47   61   48         1  1  1
   674   47   61   53         1  1  1
   675   48   37   41         1  1  1
   676   48   38   41         1  1  1
   677   48   39   39         1  1  1
   678   48   39   40         1  1  1
   679   48   39   41         1  1  1
   680   48   39   42         1  1  1
   681   48   39   43         1  1  1
   682   48   40   41         1  1  1
   683   48   40   42         1  1  1
   684   48   41   38         1  1  1
   685   48   41   40         1  1  1
   686   48   41   41         1  1  1
   687   48   41   48         1  1  1
   688   48   42   38         1  1  1
   689   48   42   46         1  1  1
   690   48   42   48         1  1  1
   691   48   42   52         1  1  1
   692   48   43   36         1  1  1
   693   48   43   37         1  1  1
   694   48   43   38         1  1  1
   695   48   43   39         1  1  1
   696   48   43   40         1  1  1
   697   48   43   41         1  1  1
   698   48   43   44         1  1  1
   699   48   43   46         1  1  1
   700   48   43   47         1  1  1
   701   48   43   48         1  1  1
   702   48   43   49         1  1  1
   703   48   43   50         1  1  1
   704   48   43   52         1  1  1
   705   48   44   38         1  1  1
   706   48   44   39         1  1  1
   707   48   44   41         1  1  1
   708   48   44   43         1  1  1
   709   48   44   48         1  1  1
   710   48   44   50         1  1  1
   711   48   44   51         1  1  1
   712   48   44   52         1  1  1
   713   48   44   53         1  1  1
   714   48   44   54         1  1  1
   715   48   45   38         1  1  1
   716   48   45   39         1  1  1
   717   48   45   40         1  1  1
   718   48   45   41         1  1  1
   719   48   45   42         1  1  1
   720   48   45   43         1  1  1
   721   48   45   48         1  1  1
   722   48   45   49         1  1  1
   723   48   45   52         1  1  1
   724   48   46   41         1  1  1
   725   48   46   43         1  1  1
   726   48   46   52         1  1  1
   727   48   46   53         1  1  1
   728   48   46   57         1  1  1
   729   48   47   41         1  1  1
   730   48   47   42         1  1  1
   731   48   47   44         1  1  1
   732   48   47   45         1  1  1
   733   48   47   49         1  1  1
   734   48   47   50         1  1  1
   735   48   47   54         1  1  1
   736   48   47   57         1  1  1
   737   48   48   44         1  1  1
   738   48   48   46         1  1  1
   739   48   48   47         1  1  1
   740   48   48   48         1  1  1
   741   48   48   50         1  1  1
   742   48   48   51         1  1  1
   743   48   48   58         1  1  1
   744   48   48   61         1  1  1
   745   48   49   41         1  1  1
   746   48   49   42         1  1  1
   747   48   49   43         1  1  1
   748   48   49   44         1  1  1
   749   48   49   45         1  1  1
   750   48   49   46         1  1  1
   751   48   49   47         1  1  1
   752   48   49   48         1  1  1
   753   48   49   49         1  1  1
   754   48   49   50         1  1  1
   755   48   49   51         1  1  1
   756   48   49   52         1  1  1
   757   48   49   56         1  1  1
   758   48   50   44         1  1  1
   759   48   50   45         1  1  1
   760   48   50   46         1  1  1
   761   48   50   47         1  1  1
   762   48   50   48         1  1  1
   763   48   50   49         1  1  1
   764   48   50   50         1  1  1
   765   48   50   52         1  1  1
   766   48   50   55         1  1  1
   767   48   50   56         1  1  1
   768   48   50   59         1  1  1
   769   48   51   44         1  1  1
   770   48   51   47         1  1  1
   771   48   51   49         1  1  1
   772   48   51   50         1  1  1
   773   48   51   52         1  1  1
   774   48   51   53         1  1  1
   775   48   51   54         1  1  1
   776   48   51   55         1  1  1
   777   48   51   56         1  1  1
   778   48   51   57         1  1  1
   779   48   51   58         1  1  1
   780   48   51   59         1  1  1
   781   48   52   45         1  1  1
   782   48   52   46         1  1  1
   783   48   52   47         1  1  1
   784   48   52   53         1  1  1
   785   48   52   54         1  1  1
   786   48   52   56         1  1  1
   787   48   52   57         1  1  1
   788   48   52   58         1  1  1
   789   48   52   59         1  1  1
   790   48   52   60         1  1  1
   791   48   52   61         1  1  1
   792   48   53   43         1  1  1
   793   48   53   48         1  1  1
   794   48   53   50         1  1  1
   795   48   53   51         1  1  1
   796   48   53   52         1  1  1
   797   48   53   53         1  1  1
   798   48   53   54         1  1  1
   799   48   53   55         1  1  1
   800   48   53   56         1  1  1
   801   48   53   59         1  1  1
   802   48   53   60         1  1  1
   803   48   54   42         1  1  1
   804   48   54   48         1  1  1
   805   48   54   51         1  1  1
   806   48   54   53         1  1  1
   807   48   54   56         1  1  1
   808   48   54   59         1  1  1
   809   48   55   41         1  1  1
   810   48   55   47         1  1  1
   811   48   55   51         1  1  1
   812   48   55   52         1  1  1
   813   48   55   53         1  1  1
   814   48   55   54         1  1  1
   815   48   55   57         1  1  1
   816   48   56   46         1  1  1
   817   48   56   49         1  1  1
   818   48   56   50         1  1  1
   819   48   56   51         1  1  1
   820   48   56   52         1  1  1
   821   48   56   53         1  1  1
   822   48   56   58         1  1  1
   823   48   57   51         1  1  1
   824   48   57   53         1  1  1
   825   48   58   49         1  1  1
   826   48   58   50         1  1  1
   827   48   58   51         1  1  1
   828   48   58   58         1  1  1
   829   48   59   47         1  1  1
   830   48   59   50         1  1  1
   831   48   59   53         1  1  1
   832   48   59   55         1  1  1
   833   48   60   48         1  1  1
   834   48   60   49         1  1  1
   835   48   60   50         1  1  1
   836   48   60   51         1  1  1
   837   48   60   52         1  1  1
   838   48   60   53         1  1  1
   839   48   60   54         1  1  1
   840   48   61   48         1  1  1
   841   48   61   50         1  1  1
   842   48   61   51         1  1  1
   843   48   61   52         1  1  1
   844   48   61   53         1  1  1
   845   48   61   54         1  1  1
   846   48   61   55         1  1  1
   847   48   62   50         1  1  1
   848   48   62   53         1  1  1
   849   48   63   53         1  1  1
   850   49   39   40         1  1  1
   851   49   39   41         1  1  1
   852   49   40   40         1  1  1
   853   49   40   42         1  1  1
   854   49   41   38         1  1  1
   855   49   41   39         1  1  1
   856   49   41   40         1  1  1
   857   49   41   41         1  1  1
   858   49   41   42         1  1  1
   859   49   42   39         1  1  1
   860   49   42   40         1  1  1
   861   49   42   46         1  1  1
   862   49   43   38         1  1  1
   863   49   43   39         1  1  1
   864   49   43   40         1  1  1
   865   49   43   42         1  1  1
   866   49   43   48         1  1  1
   867   49   43   49         1  1  1
   868   49   44   37         1  1  1
   869   49   44   38         1  1  1
   870   49   44   39         1  1  1
   871   49   44   40         1  1  1
   872   49   44   41         1  1  1
   873   49   44   43         1  1  1
   874   49   44   49         1  1  1
   875   49   44   52         1  1  1
   876   49   45   39         1  1  1
   877   49   45   41         1  1  1
   878   49   45   45         1  1  1
   879   49   45   47         1  1  1
   880   49   45   48         1  1  1
   881   49   45   49         1  1  1
   882   49   45   50         1  1  1
   883   49   45   51         1  1  1
   884   49   45   55         1  1  1
   885   49   46   39         1  1  1
   886   49   46   43         1  1  1
   887   49   46   45         1  1  1
   888   49   46   49         1  1  1
   889   49   46   51         1  1  1
   890   49   46   52         1  1  1
   891   49   46   57         1  1  1
   892   49   47   41         1  1  1
   893   49   47   42         1  1  1
   894   49   47   43         1  1  1
   895   49   47   44         1  1  1
   896   49   47   45         1  1  1
   897   49   47   46         1  1  1
   898   49   47   47         1  1  1
   899   49   47   48         1  1  1
   900   49   47   49         1  1  1
   901   49   47   51         1  1  1
   902   49   47   54         1  1  1
   903   49   48   41         1  1  1
   904   49   48   43         1  1  1
   905   49   48   45         1  1  1
   906   49   48   46         1  1  1
   907   49   48   48         1  1  1
   908   49   48   49         1  1  1
   909   49   48   50         1  1  1
   910   49   48   51         1  1  1
   911   49   48   52         1  1  1
   912   49   48   53         1  1  1
   913   49   48   55         1  1  1
   914   49   48   56         1  1  1
   915   49   48   58         1  1  1
   916   49   49   39         1  1  1
   917   49   49   40         1  1  1
   918   49   49   41         1  1  1
   919   49   49   42         1  1  1
   920   49   49   43         1  1  1
   921   49   49   44         1  1  1
   922   49   49   45         1  1  1
   923   49   49   49         1  1  1
   924   49   49   50         1  1  1
   925   49   49   51         1  1  1
   926   49   49   55         1  1  1
   927   49   50   41         1  1  1
   928   49   50   45         1  1  1
   929   49   50   47         1  1  1
   930   49   50   49         1  1  1
   931   49   50   50         1  1  1
   932   49   50   51         1  1  1
   933   49   50   53         1  1  1
   934   49   50   54         1  1  1
   935   49   50   55         1  1  1
   936   49   50   56         1  1  1
   937   49   50   57         1  1  1
   938   49   51   41         1  1  1
   939   49   51   45         1  1  1
   940   49   51   47         1  1  1
   941   49   51   48         1  1  1
   942   49   51   49         1  1  1
   943   49   51   50         1  1  1
   944   49   51   51         1  1  1
   945   49   51   52         1  1  1
   946   49   51   55         1  1  1
   947   49   51   56         1  1  1
   948   49   52   43         1  1  1
   949   49   52   44         1  1  1
   950   49   52   45         1  1  1
   951   49   52   46         1  1  1
   952   49   52   47         1  1  1
   953   49   52   49         1  1  1
   954   49   52   53         1  1  1
   955   49   52   54         1  1  1
   956   49   52   55         1  1  1
   957   49   52   58         1  1  1
   958   49   52   59         1  1  1
   959   49   53   41         1  1  1
   960   49   53   45         1  1  1
   961   49   53   47         1  1  1
   962   49   53   48         1  1  1
   963   49   53   49         1  1  1
   964   49   53   53         1  1  1
   965   49   53   60         1  1  1
   966   49   54   41         1  1  1
   967   49   54   42         1  1  1
   968   49   54   45         1  1  1
   969   49   54   47         1  1  1
   970   49   54   48         1  1  1
   971   49   54   49         1  1  1
   972   49   55   39         1  1  1
   973   49   55   40         1  1  1
   974   49   55   41         1  1  1
   975   49   55   42         1  1  1
   976   49   55   43         1  1  1
   977   49   55   45         1  1  1
   978   49   55   46         1  1  1
   979   49   55   47         1  1  1
   980   49   55   48         1  1  1
   981   49   55   49         1  1  1
   982   49   55   52         1  1  1
   983   49   55   53         1  1  1
   984   49   55   54         1  1  1
   985   49   55   57         1  1  1
   986   49   56   41         1  1  1
   987   49   56   46         1  1  1
   988   49   56   47         1  1  1
   989   49   56   49         1  1  1
   990   49   56   51         1  1  1
   991   49   56   53         1  1  1
   992   49   56   58         1  1  1
   993   49   57   41         1  1  1
   994   49   57   47         1  1  1
   995   49   57   49         1  1  1
   996   49   57   51         1  1  1
   997   49   57   52         1  1  1
   998   49   57   53         1  1  1
   999   49   57   54         1  1  1
  1000   49   57   55         1  1  1
  1001   49   57   56         1  1  1
  1002   49   58   47         1  1  1
  1003   49   58   48         1  1  1
  1004   49   58   49         1  1  1
  1005   49   58   50         1  1  1
  1006   49   58   51         1  1  1
  1007   49   58   53         1  1  1
  1008   49   58   54         1  1  1
  1009   49   58   58         1  1  1
  1010   49   59   47         1  1  1
  1011   49   59   48         1  1  1
  1012   49   59   49         1  1  1
  1013   49   59   53         1  1  1
  1014   49   59   54         1  1  1
  1015   49   59   55         1  1  1
  1016   49   60   48         1  1  1
  1017   49   60   49         1  1  1
  1018   49   60   50         1  1  1
  1019   49   60   52         1  1  1
  1020   49   60   53         1  1  1
  1021   49   60   54         1  1  1
  1022   49   60   55         1  1  1
  1023   49   60   56         1  1  1
  1024   49   61   46         1  1  1
  1025   49   61   47         1  1  1
  1026   49   61   48         1  1  1
  1027   49   61   49         1  1  1
  1028   49   61   50         1  1  1
  1029   49   61   53         1  1  1
  1030   49   61   54         1  1  1
  1031   49   62   48         1  1  1
  1032   49   62   50         1  1  1
  1033   49   62   54         1  1  1
  1034   49   63   48         1  1  1
  1035   50   39   41         1  1  1
  1036   50   41   40         1  1  1
  1037   50   42   43         1  1  1
  1038   50   43   38         1  1  1
  1039   50   43   42         1  1  1
  1040   50   43   43         1  1  1
  1041   50   43   48         1  1  1
  1042   50   43   49         1  1  1
  1043   50   44   39         1  1  1
  1044   50   44   41         1  1  1
  1045   50   44   42         1  1  1
  1046   50   44   43         1  1  1
  1047   50   44   44         1  1  1
  1048   50   44   45         1  1  1
  1049   50   44   52         1  1  1
  1050   50   44   54         1  1  1
  1051   50   44   57         1  1  1
  1052   50   45   41         1  1  1
  1053   50   45   42         1  1  1
  1054   50   45   43         1  1  1
  1055   50   45   49         1  1  1
  1056   50   45   54         1  1  1
  1057   50   45   55         1  1  1
  1058   50   45   57         1  1  1
  1059   50   46   42         1  1  1
  1060   50   46   43         1  1  1
  1061   50   46   46         1  1  1
  1062   50   46   47         1  1  1
  1063   50   46   52         1  1  1
  1064   50   46   54         1  1  1
  1065   50   46   55         1  1  1
  1066   50   46   56         1  1  1
  1067   50   46   57         1  1  1
  1068   50   46   58         1  1  1
  1069   50   46   59         1  1  1
  1070   50   47   40         1  1  1
  1071   50   47   41         1  1  1
  1072   50   47   42         1  1  1
  1073   50   47   43         1  1  1
  1074   50   47   44         1  1  1
  1075   50   47   45         1  1  1
  1076   50   47   46         1  1  1
  1077   50   47   48         1  1  1
  1078   50   47   52         1  1  1
  1079   50   47   53         1  1  1
  1080   50   47   54         1  1  1
  1081   50   47   55         1  1  1
  1082   50   47   56         1  1  1
  1083   50   47   57         1  1  1
  1084   50   48   42         1  1  1
  1085   50   48   43         1  1  1
  1086   50   48   44         1  1  1
  1087   50   48   45         1  1  1
  1088   50   48   46         1  1  1
  1089   50   48   47         1  1  1
  1090   50   48   48         1  1  1
  1091   50   48   51         1  1  1
  1092   50   48   54         1  1  1
  1093   50   48   56         1  1  1
  1094   50   48   57         1  1  1
  1095   50   49   41         1  1  1
  1096   50   49   42         1  1  1
  1097   50   49   44         1  1  1
  1098   50   49   46         1  1  1
  1099   50   49   49         1  1  1
  1100   50   49   50         1  1  1
  1101   50   49   52         1  1  1
  1102   50   49   54         1  1  1
  1103   50   50   46         1  1  1
  1104   50   50   47         1  1  1
  1105   50   50   50         1  1  1
  1106   50   50   52         1  1  1
  1107   50   50   54         1  1  1
  1108   50   50   55         1  1  1
  1109   50   51   46         1  1  1
  1110   50   51   48         1  1  1
  1111   50   51   49         1  1  1
  1112   50   51   50         1  1  1
  1113   50   51   51         1  1  1
  1114   50   51   52         1  1  1
  1115   50   51   53         1  1  1
  1116   50   51   54         1  1  1
  1117   50   51   56         1  1  1
  1118   50   51   60         1  1  1
  1119   50   52   45         1  1  1
  1120   50   52   48         1  1  1
  1121   50   52   52         1  1  1
  1122   50   52   53         1  1  1
  1123   50   52   58         1  1  1
  1124   50   52   59         1  1  1
  1125   50   52   60         1  1  1
  1126   50   53   43         1  1  1
  1127   50   53   46         1  1  1
  1128   50   53   47         1  1  1
  1129   50   53   48         1  1  1
  1130   50   53   49         1  1  1
  1131   50   53   50         1  1  1
  1132   50   53   51         1  1  1
  1133   50   53   52         1  1  1
  1134   50   53   53         1  1  1
  1135   50   53   54         1  1  1
  1136   50   53   56         1  1  1
  1137   50   53   58         1  1  1
  1138   50   53   59         1  1  1
  1139   50   53   60         1  1  1
  1140   50   53   61         1  1  1
  1141   50   53   62         1  1  1
  1142   50   54   46         1  1  1
  1143   50   54   48         1  1  1
  1144   50   54   49         1  1  1
  1145   50   54   54         1  1  1
  1146   50   54   58         1  1  1
  1147   50   54   60         1  1  1
  1148   50   55   41         1  1  1
  1149   50   55   46         1  1  1
  1150   50   55   47         1  1  1
  1151   50   55   48         1  1  1
  1152   50   55   52         1  1  1
  1153   50   55   53         1  1  1
  1154   50   55   54         1  1  1
  1155   50   55   55         1  1  1
  1156   50   55   56         1  1  1
  1157   50   55   58         1  1  1
  1158   50   55   60         1  1  1
  1159   50   56   44         1  1  1
  1160   50   56   45         1  1  1
  1161   50   56   46         1  1  1
  1162   50   56   47         1  1  1
  1163   50   56   48         1  1  1
  1164   50   56   51         1  1  1
  1165   50   56   54         1  1  1
  1166   50   56   56         1  1  1
  1167   50   56   57         1  1  1
  1168   50   56   58         1  1  1
  1169   50   56   59         1  1  1
  1170   50   56   60         1  1  1
  1171   50   57   46         1  1  1
  1172   50   57   47         1  1  1
  1173   50   57   52         1  1  1
  1174   50   57   53         1  1  1
  1175   50   57   54         1  1  1
  1176   50   57   55         1  1  1
  1177   50   57   56         1  1  1
  1178   50   57   58         1  1  1
  1179   50   57   59         1  1  1
  1180   50   58   46         1  1  1
  1181   50   58   47         1  1  1
  1182   50   58   48         1  1  1
  1183   50   58   49         1  1  1
  1184   50   58   55         1  1  1
  1185   50   58   58         1  1  1
  1186   50   58   62         1  1  1
  1187   50   59   45         1  1  1
  1188   50   59   46         1  1  1
  1189   50   59   47         1  1  1
  1190   50   59   48         1  1  1
  1191   50   59   49         1  1  1
  1192   50   59   53         1  1  1
  1193   50   59   54         1  1  1
  1194   50   59   55         1  1  1
  1195   50   59   56         1  1  1
  1196   50   59   57         1  1  1
  1197   50   60   47         1  1  1
  1198   50   60   50         1  1  1
  1199   50   60   54         1  1  1
  1200   50   60   55         1  1  1
  1201   50   61   47         1  1  1
  1202   50   61   48         1  1  1
  1203   50   61   53         1  1  1
  1204   50   61   55         1  1  1
  1205   50   62   50         1  1  1
  1206   51   41   40         1  1  1
  1207   51   41   42         1  1  1
  1208   51   42   42         1  1  1
  1209   51   43   40         1  1  1
  1210   51   43   41         1  1  1
  1211   51   43   42         1  1  1
  1212   51   43   43         1  1  1
  1213   51   43   44         1  1  1
  1214   51   43   49         1  1  1
  1215   51   43   55         1  1  1
  1216   51   43   56         1  1  1
  1217   51   44   39         1  1  1
  1218   51   44   42         1  1  1
  1219   51   44   43         1  1  1
  1220   51   44   52         1  1  1
  1221   51   44   54         1  1  1
  1222   51   44   55         1  1  1
  1223   51   45   42         1  1  1
  1224   51   45   48         1  1  1
  1225   51   45   49         1  1  1
  1226   51   45   50         1  1  1
  1227   51   45   52         1  1  1
  1228   51   45   53         1  1  1
  1229   51   45   54         1  1  1
  1230   51   45   55         1  1  1
  1231   51   45   56         1  1  1
  1232   51   45   57         1  1  1
  1233   51   46   43         1  1  1
  1234   51   46   47         1  1  1
  1235   51   46   48         1  1  1
  1236   51   46   50         1  1  1
  1237   51   46   51         1  1  1
  1238   51   46   52         1  1  1
  1239   51   46   53         1  1  1
  1240   51   46   54         1  1  1
  1241   51   46   55         1  1  1
  1242   51   46   56         1  1  1
  1243   51   46   57         1  1  1
  1244   51   47   42         1  1  1
  1245   51   47   43         1  1  1
  1246   51   47   45         1  1  1
  1247   51   47   46         1  1  1
  1248   51   47   47         1  1  1
  1249   51   47   48         1  1  1
  1250   51   47   49         1  1  1
  1251   51   47   50         1  1  1
  1252   51   47   52         1  1  1
  1253   51   47   53         1  1  1
  1254   51   47   54         1  1  1
  1255   51   47   55         1  1  1
  1256   51   47   56         1  1  1
  1257   51   48   41         1  1  1
  1258   51   48   42         1  1  1
  1259   51   48   43         1  1  1
  1260   51   48   44         1  1  1
  1261   51   48   45         1  1  1
  1262   51   48   46         1  1  1
  1263   51   48   48         1  1  1
  1264   51   48   50         1  1  1
  1265   51   48   51         1  1  1
  1266   51   48   52         1  1  1
  1267   51   48   54         1  1  1
  1268   51   48   55         1  1  1
  1269   51   48   56         1  1  1
  1270   51   48   57         1  1  1
  1271   51   48   58         1  1  1
  1272   51   49   41         1  1  1
  1273   51   49   43         1  1  1
  1274   51   49   48         1  1  1
  1275   51   49   49         1  1  1
  1276   51   49   50         1  1  1
  1277   51   49   56         1  1  1
  1278   51   50   43         1  1  1
  1279   51   50   44         1  1  1
  1280   51   50   48         1  1  1
  1281   51   50   49         1  1  1
  1282   51   50   50         1  1  1
  1283   51   50   51         1  1  1
  1284   51   50   52         1  1  1
  1285   51   50   53         1  1  1
  1286   51   50   54         1  1  1
  1287   51   50   55         1  1  1
  1288   51   50   56         1  1  1
  1289   51   50   58         1  1  1
  1290   51   51   46         1  1  1
  1291   51   51   49         1  1  1
  1292   51   51   50         1  1  1
  1293   51   51   51         1  1  1
  1294   51   51   52         1  1  1
  1295   51   51   53         1  1  1
  1296   51   51   57         1  1  1
  1297   51   51   58         1  1  1
  1298   51   52   45         1  1  1
  1299   51   52   48         1  1  1
  1300   51   52   49         1  1  1
  1301   51   52   50         1  1  1
  1302   51   52   51         1  1  1
  1303   51   52   52         1  1  1
  1304   51   52   53         1  1  1
  1305   51   52   54         1  1  1
  1306   51   52   55         1  1  1
  1307   51   52   56         1  1  1
  1308   51   52   57         1  1  1
  1309   51   52   58         1  1  1
  1310   51   52   59         1  1  1
  1311   51   52   60         1  1  1
  1312   51   53   43         1  1  1
  1313   51   53   48         1  1  1
  1314   51   53   49         1  1  1
  1315   51   53   51         1  1  1
  1316   51   53   53         1  1  1
  1317   51   53   56         1  1  1
  1318   51   53   58         1  1  1
  1319   51   53   60         1  1  1
  1320   51   54   47         1  1  1
  1321   51   54   48         1  1  1
  1322   51   54   49         1  1  1
  1323   51   54   50         1  1  1
  1324   51   54   51         1  1  1
  1325   51   54   53         1  1  1
  1326   51   54   58         1  1  1
  1327   51   55   41         1  1  1
  1328   51   55   47         1  1  1
  1329   51   55   49         1  1  1
  1330   51   55   50         1  1  1
  1331   51   55   54         1  1  1
  1332   51   55   56         1  1  1
  1333   51   55   58         1  1  1
  1334   51   56   46         1  1  1
  1335   51   56   47         1  1  1
  1336   51   56   49         1  1  1
  1337   51   56   54         1  1  1
  1338   51   56   56         1  1  1
  1339   51   56   58         1  1  1
  1340   51   56   61         1  1  1
  1341   51   57   44         1  1  1
  1342   51   57   52         1  1  1
  1343   51   57   53         1  1  1
  1344   51   57   54         1  1  1
  1345   51   57   55         1  1  1
  1346   51   57   56         1  1  1
  1347   51   57   57         1  1  1
  1348   51   57   58         1  1  1
  1349   51   57   59         1  1  1
  1350   51   58   48         1  1  1
  1351   51   58   49         1  1  1
  1352   51   58   56         1  1  1
  1353   51   58   62         1  1  1
  1354   51   59   47         1  1  1
  1355   51   59   51         1  1  1
  1356   51   59   55         1  1  1
  1357   51   59   56         1  1  1
  1358   51   60   50         1  1  1
  1359   51   60   54         1  1  1
  1360   51   61   48         1  1  1
  1361   51   61   50         1  1  1
  1362   51   62   48         1  1  1
  1363   51   62   49         1  1  1
  1364   51   62   50         1  1  1
  1365   51   62   51         1  1  1
  1366   51   62   52         1  1  1
  1367   51   63   50         1  1  1
  1368   51   64   50         1  1  1
  1369   52   41   49         1  1  1
  1370   52   42   49         1  1  1
  1371   52   42   54         1  1  1
  1372   52   43   42         1  1  1
  1373   52   43   47         1  1  1
  1374   52   43   48         1  1  1
  1375   52   43   49         1  1  1
  1376   52   43   50         1  1  1
  1377   52   43   51         1  1  1
  1378   52   43   54         1  1  1
  1379   52   43   56         1  1  1
  1380   52   44   43         1  1  1
  1381   52   44   47         1  1  1
  1382   52   44   49         1  1  1
  1383   52   44   51         1  1  1
  1384   52   44   52         1  1  1
  1385   52   44   53         1  1  1
  1386   52   44   54         1  1  1
  1387   52   44   55         1  1  1
  1388   52   44   56         1  1  1
  1389   52   45   46         1  1  1
  1390   52   45   47         1  1  1
  1391   52   45   49         1  1  1
  1392   52   45   50         1  1  1
  1393   52   45   54         1  1  1
  1394   52   45   55         1  1  1
  1395   52   46   45         1  1  1
  1396   52   46   46         1  1  1
  1397   52   46   47         1  1  1
  1398   52   46   48         1  1  1
  1399   52   46   49         1  1  1
  1400   52   46   52         1  1  1
  1401   52   46   54         1  1  1
  1402   52   46   55         1  1  1
  1403   52   46   57         1  1  1
  1404   52   47   42         1  1  1
  1405   52   47   43         1  1  1
  1406   52   47   47         1  1  1
  1407   52   47   48         1  1  1
  1408   52   47   49         1  1  1
  1409   52   47   53         1  1  1
  1410   52   47   54         1  1  1
  1411   52   48   43         1  1  1
  1412   52   48   46         1  1  1
  1413   52   48   47         1  1  1
  1414   52   48   49         1  1  1
  1415   52   48   52         1  1  1
  1416   52   48   54         1  1  1
  1417   52   48   56         1  1  1
  1418   52   49   46         1  1  1
  1419   52   49   47         1  1  1
  1420   52   49   48         1  1  1
  1421   52   49   49         1  1  1
  1422   52   49   50         1  1  1
  1423   52   49   51         1  1  1
  1424   52   49   54         1  1  1
  1425   52   50   44         1  1  1
  1426   52   50   46         1  1  1
  1427   52   50   49         1  1  1
  1428   52   50   50         1  1  1
  1429   52   50   52         1  1  1
  1430   52   50   53         1  1  1
  1431   52   50   54         1  1  1
  1432   52   50   55         1  1  1
  1433   52   50   56         1  1  1
  1434   52   50   58         1  1  1
  1435   52   51   43         1  1  1
  1436   52   51   44         1  1  1
  1437   52   51   45         1  1  1
  1438   52   51   46         1  1  1
  1439   52   51   47         1  1  1
  1440   52   51   48         1  1  1
  1441   52   51   49         1  1  1
  1442   52   51   51         1  1  1
  1443   52   51   52         1  1  1
  1444   52   51   53         1  1  1
  1445   52   51   54         1  1  1
  1446   52   51   56         1  1  1
  1447   52   51   57         1  1  1
  1448   52   52   43         1  1  1
  1449   52   52   45         1  1  1
  1450   52   52   46         1  1  1
  1451   52   52   48         1  1  1
  1452   52   52   51         1  1  1
  1453   52   52   53         1  1  1
  1454   52   52   54         1  1  1
  1455   52   52   56         1  1  1
  1456   52   52   58         1  1  1
  1457   52   53   41         1  1  1
  1458   52   53   42         1  1  1
  1459   52   53   43         1  1  1
  1460   52   53   44         1  1  1
  1461   52   53   45         1  1  1
  1462   52   53   46         1  1  1
  1463   52   53   48         1  1  1
  1464   52   53   49         1  1  1
  1465   52   53   50         1  1  1
  1466   52   53   51         1  1  1
  1467   52   53   52         1  1  1
  1468   52   53   53         1  1  1
  1469   52   53   54         1  1  1
  1470   52   53   55         1  1  1
  1471   52   53   56         1  1  1
  1472   52   53   57         1  1  1
  1473   52   53   58         1  1  1
  1474   52   53   60         1  1  1
  1475   52   54   43         1  1  1
  1476   52   54   49         1  1  1
  1477   52   54   51         1  1  1
  1478   52   54   56         1  1  1
  1479   52   55   43         1  1  1
  1480   52   55   50         1  1  1
  1481   52   55   51         1  1  1
  1482   52   55   52         1  1  1
  1483   52   55   54         1  1  1
  1484   52   55   56         1  1  1
  1485   52   55   58         1  1  1
  1486   52   55   59         1  1  1
  1487   52   56   43         1  1  1
  1488   52   56   46         1  1  1
  1489   52   56   47         1  1  1
  1490   52   56   48         1  1  1
  1491   52   56   52         1  1  1
  1492   52   56   54         1  1  1
  1493   52   56   58         1  1  1
  1494   52   56   59         1  1  1
  1495   52   56   61         1  1  1
  1496   52   56   62         1  1  1
  1497   52   57   44         1  1  1
  1498   52   57   48         1  1  1
  1499   52   57   49         1  1  1
  1500   52   57   50         1  1  1
  1501   52   57   51         1  1  1
  1502   52   57   52         1  1  1
  1503   52   57   53         1  1  1
  1504   52   57   54         1  1  1
  1505   52   57   56         1  1  1
  1506   52   57   57         1  1  1
  1507   52   57   58         1  1  1
  1508   52   57   59         1  1  1
  1509   52   57   60         1  1  1
  1510   52   57   61         1  1  1
  1511   52   57   62         1  1  1
  1512   52   58   46         1  1  1
  1513   52   58   47         1  1  1
  1514   52   58   48         1  1  1
  1515   52   58   49         1  1  1
  1516   52   58   50         1  1  1
  1517   52   58   52         1  1  1
  1518   52   58   55         1  1  1
  1519   52   58   59         1  1  1
  1520   52   58   60         1  1  1
  1521   52   58   61         1  1  1
  1522   52   58   62         1  1  1
  1523   52   58   63         1  1  1
  1524   52   58   64         1  1  1
  1525   52   59   47         1  1  1
  1526   52   59   48         1  1  1
  1527   52   59   51         1  1  1
  1528   52   59   52         1  1  1
  1529   52   59   55         1  1  1
  1530   52   59   59         1  1  1
  1531   52   59   62         1  1  1
  1532   52   60   48         1  1  1
  1533   52   60   62         1  1  1
  1534   52   62   50         1  1  1
  1535   53   41   56         1  1  1
  1536   53   42   56         1  1  1
  1537   53   43   42         1  1  1
  1538   53   43   49         1  1  1
  1539   53   43   50         1  1  1
  1540   53   43   54         1  1  1
  1541   53   43   55         1  1  1
  1542   53   43   56         1  1  1
  1543   53   43   57         1  1  1
  1544   53   43   58         1  1  1
  1545   53   44   50         1  1  1
  1546   53   44   51         1  1  1
  1547   53   44   54         1  1  1
  1548   53   44   56         1  1  1
  1549   53   45   46         1  1  1
  1550   53   45   48         1  1  1
  1551   53   45   49         1  1  1
  1552   53   45   50         1  1  1
  1553   53   45   51         1  1  1
  1554   53   45   52         1  1  1
  1555   53   45   53         1  1  1
  1556   53   45   54         1  1  1
  1557   53   45   55         1  1  1
  1558   53   45   56         1  1  1
  1559   53   45   62         1  1  1
  1560   53   46   44         1  1  1
  1561   53   46   47         1  1  1
  1562   53   46   49         1  1  1
  1563   53   46   50         1  1  1
  1564   53   46   52         1  1  1
  1565   53   46   53         1  1  1
  1566   53   46   55         1  1  1
  1567   53   46   58         1  1  1
  1568   53   47   43         1  1  1
  1569   53   47   48         1  1  1
  1570   53   47   50         1  1  1
  1571   53   47   51         1  1  1
  1572   53   47   52         1  1  1
  1573   53   47   53         1  1  1
  1574   53   47   54         1  1  1
  1575   53   47   55         1  1  1
  1576   53   48   43         1  1  1
  1577   53   48   44         1  1  1
  1578   53   48   52         1  1  1
  1579   53   48   53         1  1  1
  1580   53   48   56         1  1  1
  1581   53   49   41         1  1  1
  1582   53   49   44         1  1  1
  1583   53   49   46         1  1  1
  1584   53   49   49         1  1  1
  1585   53   49   53         1  1  1
  1586   53   49   55         1  1  1
  1587   53   49   57         1  1  1
  1588   53   49   60         1  1  1
  1589   53   50   42         1  1  1
  1590   53   50   43         1  1  1
  1591   53   50   44         1  1  1
  1592   53   50   45         1  1  1
  1593   53   50   46         1  1  1
  1594   53   50   48         1  1  1
  1595   53   50   50         1  1  1
  1596   53   50   54         1  1  1
  1597   53   50   57         1  1  1
  1598   53   50   58         1  1  1
  1599   53   51   44         1  1  1
  1600   53   51   46         1  1  1
  1601   53   51   48         1  1  1
  1602   53   51   50         1  1  1
  1603   53   51   53         1  1  1
  1604   53   51   55         1  1  1
  1605   53   51   56         1  1  1
  1606   53   51   57         1  1  1
  1607   53   51   58         1  1  1
  1608   53   51   59         1  1  1
  1609   53   52   44         1  1  1
  1610   53   52   45         1  1  1
  1611   53   52   46         1  1  1
  1612   53   52   47         1  1  1
  1613   53   52   48         1  1  1
  1614   53   52   49         1  1  1
  1615   53   52   50         1  1  1
  1616   53   52   53         1  1  1
  1617   53   52   57         1  1  1
  1618   53   52   58         1  1  1
  1619   53   53   42         1  1  1
  1620   53   53   43         1  1  1
  1621   53   53   48         1  1  1
  1622   53   53   50         1  1  1
  1623   53   53   51         1  1  1
  1624   53   53   56         1  1  1
  1625   53   53   57         1  1  1
  1626   53   53   58         1  1  1
  1627   53   54   47         1  1  1
  1628   53   54   48         1  1  1
  1629   53   54   49         1  1  1
  1630   53   54   50         1  1  1
  1631   53   54   51         1  1  1
  1632   53   54   54         1  1  1
  1633   53   54   58         1  1  1
  1634   53   54   61         1  1  1
  1635   53   55   44         1  1  1
  1636   53   55   45         1  1  1
  1637   53   55   47         1  1  1
  1638   53   55   48         1  1  1
  1639   53   55   49         1  1  1
  1640   53   55   50         1  1  1
  1641   53   55   51         1  1  1
  1642   53   55   52         1  1  1
  1643   53   55   54         1  1  1
  1644   53   55   56         1  1  1
  1645   53   55   57         1  1  1
  1646   53   55   58         1  1  1
  1647   53   55   59         1  1  1
  1648   53   55   60         1  1  1
  1649   53   55   61         1  1  1
  1650   53   56   43         1  1  1
  1651   53   56   44         1  1  1
  1652   53   56   45         1  1  1
  1653   53   56   46         1  1  1
  1654   53   56   47         1  1  1
  1655   53   56   48         1  1  1
  1656   53   56   49         1  1  1
  1657   53   56   50         1  1  1
  1658   53   56   52         1  1  1
  1659   53   56   53         1  1  1
  1660   53   56   54         1  1  1
  1661   53   56   55         1  1  1
  1662   53   56   56         1  1  1
  1663   53   56   57         1  1  1
  1664   53   56   58         1  1  1
  1665   53   56   59         1  1  1
  1666   53   56   60         1  1  1
  1667   53   56   61         1  1  1
  1668   53   56   62         1  1  1
  1669   53   56   63         1  1  1
  1670   53   57   42         1  1  1
  1671   53   57   43         1  1  1
  1672   53   57   44         1  1  1
  1673   53   57   45         1  1  1
  1674   53   57   46         1  1  1
  1675   53   57   47         1  1  1
  1676   53   57   49         1  1  1
  1677   53   57   50         1  1  1
  1678   53   57   51         1  1  1
  1679   53   57   52         1  1  1
  1680   53   57   54         1  1  1
  1681   53   57   56         1  1  1
  1682   53   57   58         1  1  1
  1683   53   57   59         1  1  1
  1684   53   57   61         1  1  1
  1685   53   58   44         1  1  1
  1686   53   58   47         1  1  1
  1687   53   58   48         1  1  1
  1688   53   58   51         1  1  1
  1689   53   58   54         1  1  1
  1690   53   58   55         1  1  1
  1691   53   58   61         1  1  1
  1692   53   58   62         1  1  1
  1693   53   59   44         1  1  1
  1694   53   59   49         1  1  1
  1695   53   59   50         1  1  1
  1696   53   59   51         1  1  1
  1697   53   59   52         1  1  1
  1698   53   59   53         1  1  1
  1699   53   60   45         1  1  1
  1700   53   60   51         1  1  1
  1701   53   61   51         1  1  1
  1702   53   62   50         1  1  1
  1703   54   42   51         1  1  1
  1704   54   43   46         1  1  1
  1705   54   43   49         1  1  1
  1706   54   43   51         1  1  1
  1707   54   43   56         1  1  1
  1708   54   44   46         1  1  1
  1709   54   44   49         1  1  1
  1710   54   44   50         1  1  1
  1711   54   44   51         1  1  1
  1712   54   44   52         1  1  1
  1713   54   44   53         1  1  1
  1714   54   44   54         1  1  1
  1715   54   44   55         1  1  1
  1716   54   44   60         1  1  1
  1717   54   45   43         1  1  1
  1718   54   45   44         1  1  1
  1719   54   45   45         1  1  1
  1720   54   45   46         1  1  1
  1721   54   45   47         1  1  1
  1722   54   45   48         1  1  1
  1723   54   45   50         1  1  1
  1724   54   45   51         1  1  1
  1725   54   45   54         1  1  1
  1726   54   45   55         1  1  1
  1727   54   45   62         1  1  1
  1728   54   46   43         1  1  1
  1729   54   46   44         1  1  1
  1730   54   46   46         1  1  1
  1731   54   46   47         1  1  1
  1732   54   46   49         1  1  1
  1733   54   46   51         1  1  1
  1734   54   46   52         1  1  1
  1735   54   46   53         1  1  1
  1736   54   46   54         1  1  1
  1737   54   46   55         1  1  1
  1738   54   46   56         1  1  1
  1739   54   46   57         1  1  1
  1740   54   46   58         1  1  1
  1741   54   47   41         1  1  1
  1742   54   47   42         1  1  1
  1743   54   47   43         1  1  1
  1744   54   47   44         1  1  1
  1745   54   47   45         1  1  1
  1746   54   47   46         1  1  1
  1747   54   47   50         1  1  1
  1748   54   47   52         1  1  1
  1749   54   47   53         1  1  1
  1750   54   47   55         1  1  1
  1751   54   47   56         1  1  1
  1752   54   48   43         1  1  1
  1753   54   48   50         1  1  1
  1754   54   48   51         1  1  1
  1755   54   48   52         1  1  1
  1756   54   48   53         1  1  1
  1757   54   48   54         1  1  1
  1758   54   48   55         1  1  1
  1759   54   48   58         1  1  1
  1760   54   49   41         1  1  1
  1761   54   49   43         1  1  1
  1762   54   49   46         1  1  1
  1763   54   49   49         1  1  1
  1764   54   49   52         1  1  1
  1765   54   49   53         1  1  1
  1766   54   49   55         1  1  1
  1767   54   49   58         1  1  1
  1768   54   49   60         1  1  1
  1769   54   50   44         1  1  1
  1770   54   50   45         1  1  1
  1771   54   50   47         1  1  1
  1772   54   50   52         1  1  1
  1773   54   50   53         1  1  1
  1774   54   50   54         1  1  1
  1775   54   50   56         1  1  1
  1776   54   50   57         1  1  1
  1777   54   50   58         1  1  1
  1778   54   50   59         1  1  1
  1779   54   50   60         1  1  1
  1780   54   51   45         1  1  1
  1781   54   51   46         1  1  1
  1782   54   51   50         1  1  1
  1783   54   51   51         1  1  1
  1784   54   51   52         1  1  1
  1785   54   51   53         1  1  1
  1786   54   51   54         1  1  1
  1787   54   51   55         1  1  1
  1788   54   51   57         1  1  1
  1789   54   51   58         1  1  1
  1790   54   52   41         1  1  1
  1791   54   52   43         1  1  1
  1792   54   52   44         1  1  1
  1793   54   52   45         1  1  1
  1794   54   52   46         1  1  1
  1795   54   52   47         1  1  1
  1796   54   52   48         1  1  1
  1797   54   52   53         1  1  1
  1798   54   52   55         1  1  1
  1799   54   52   58         1  1  1
  1800   54   53   42         1  1  1
  1801   54   53   43         1  1  1
  1802   54   53   45         1  1  1
  1803   54   53   46         1  1  1
  1804   54   53   51         1  1  1
  1805   54   53   52         1  1  1
  1806   54   53   53         1  1  1
  1807   54   53   56         1  1  1
  1808   54   54   43         1  1  1
  1809   54   54   45         1  1  1
  1810   54   54   51         1  1  1
  1811   54   55   43         1  1  1
  1812   54   55   45         1  1  1
  1813   54   55   49         1  1  1
  1814   54   55   50         1  1  1
  1815   54   55   58         1  1  1
  1816   54   56   41         1  1  1
  1817   54   56   42         1  1  1
  1818   54   56   43         1  1  1
  1819   54   56   44         1  1  1
  1820   54   56   45         1  1  1
  1821   54   56   47         1  1  1
  1822   54   56   49         1  1  1
  1823   54   56   50         1  1  1
  1824   54   56   54         1  1  1
  1825   54   56   55         1  1  1
  1826   54   56   57         1  1  1
  1827   54   56   61         1  1  1
  1828   54   57   43         1  1  1
  1829   54   57   44         1  1  1
  1830   54   57   47         1  1  1
  1831   54   57   48         1  1  1
  1832   54   57   49         1  1  1
  1833   54   57   50         1  1  1
  1834   54   57   51         1  1  1
  1835   54   57   52         1  1  1
  1836   54   57   55         1  1  1
  1837   54   57   59         1  1  1
  1838   54   58   43         1  1  1
  1839   54   58   48         1  1  1
  1840   54   58   49         1  1  1
  1841   54   58   53         1  1  1
  1842   54   58   54         1  1  1
  1843   54   58   55         1  1  1
  1844   54   58   56         1  1  1
  1845   54   58   57         1  1  1
  1846   54   58   62         1  1  1
  1847   54   59   49         1  1  1
  1848   54   59   51         1  1  1
  1849   54   59   52         1  1  1
  1850   54   59   55         1  1  1
  1851   54   60   45         1  1  1
  1852   54   60   55         1  1  1
  1853   55   43   54         1  1  1
  1854   55   43   56         1  1  1
  1855   55   43   62         1  1  1
  1856   55   44   44         1  1  1
  1857   55   44   49         1  1  1
  1858   55   44   51         1  1  1
  1859   55   44   54         1  1  1
  1860   55   44   58         1  1  1
  1861   55   44   60         1  1  1
  1862   55   44   62         1  1  1
  1863   55   45   44         1  1  1
  1864   55   45   46         1  1  1
  1865   55   45   49         1  1  1
  1866   55   45   50         1  1  1
  1867   55   45   52         1  1  1
  1868   55   45   53         1  1  1
  1869   55   45   54         1  1  1
  1870   55   45   55         1  1  1
  1871   55   45   56         1  1  1
  1872   55   45   58         1  1  1
  1873   55   45   60         1  1  1
  1874   55   45   61         1  1  1
  1875   55   45   62         1  1  1
  1876   55   45   63         1  1  1
  1877   55   45   64         1  1  1
  1878   55   46   42         1  1  1
  1879   55   46   43         1  1  1
  1880   55   46   44         1  1  1
  1881   55   46   45         1  1  1
  1882   55   46   46         1  1  1
  1883   55   46   47         1  1  1
  1884   55   46   48         1  1  1
  1885   55   46   49         1  1  1
  1886   55   46   50         1  1  1
  1887   55   46   51         1  1  1
  1888   55   46   53         1  1  1
  1889   55   46   54         1  1  1
  1890   55   46   55         1  1  1
  1891   55   46   56         1  1  1
  1892   55   46   57         1  1  1
  1893   55   46   58         1  1  1
  1894   55   46   59         1  1  1
  1895   55   46   60         1  1  1
  1896   55   46   62         1  1  1
  1897   55   47   41         1  1  1
  1898   55   47   43         1  1  1
  1899   55   47   44         1  1  1
  1900   55   47   46         1  1  1
  1901   55   47   49         1  1  1
  1902   55   47   50         1  1  1
  1903   55   47   53         1  1  1
  1904   55   47   54         1  1  1
  1905   55   47   55         1  1  1
  1906   55   47   56         1  1  1
  1907   55   47   58         1  1  1
  1908   55   47   60         1  1  1
  1909   55   47   62         1  1  1
  1910   55   48   41         1  1  1
  1911   55   48   44         1  1  1
  1912   55   48   46         1  1  1
  1913   55   48   49         1  1  1
  1914   55   48   52         1  1  1
  1915   55   48   55         1  1  1
  1916   55   48   58         1  1  1
  1917   55   48   60         1  1  1
  1918   55   49   39         1  1  1
  1919   55   49   40         1  1  1
  1920   55   49   41         1  1  1
  1921   55   49   42         1  1  1
  1922   55   49   43         1  1  1
  1923   55   49   44         1  1  1
  1924   55   49   45         1  1  1
  1925   55   49   46         1  1  1
  1926   55   49   47         1  1  1
  1927   55   49   48         1  1  1
  1928   55   49   50         1  1  1
  1929   55   49   53         1  1  1
  1930   55   49   54         1  1  1
  1931   55   49   55         1  1  1
  1932   55   49   56         1  1  1
  1933   55   49   57         1  1  1
  1934   55   49   58         1  1  1
  1935   55   49   59         1  1  1
  1936   55   49   60         1  1  1
  1937   55   49   61         1  1  1
  1938   55   49   62         1  1  1
  1939   55   50   41         1  1  1
  1940   55   50   44         1  1  1
  1941   55   50   46         1  1  1
  1942   55   50   47         1  1  1
  1943   55   50   50         1  1  1
  1944   55   50   51         1  1  1
  1945   55   50   55         1  1  1
  1946   55   50   58         1  1  1
  1947   55   50   60         1  1  1
  1948   55   51   41         1  1  1
  1949   55   51   42         1  1  1
  1950   55   51   46         1  1  1
  1951   55   51   48         1  1  1
  1952   55   51   49         1  1  1
  1953   55   51   50         1  1  1
  1954   55   51   51         1  1  1
  1955   55   51   52         1  1  1
  1956   55   51   53         1  1  1
  1957   55   51   55         1  1  1
  1958   55   51   57         1  1  1
  1959   55   51   60         1  1  1
  1960   55   52   41         1  1  1
  1961   55   52   42         1  1  1
  1962   55   52   45         1  1  1
  1963   55   52   48         1  1  1
  1964   55   52   50         1  1  1
  1965   55   52   51         1  1  1
  1966   55   52   55         1  1  1
  1967   55   53   40         1  1  1
  1968   55   53   41         1  1  1
  1969   55   53   42         1  1  1
  1970   55   53   43         1  1  1
  1971   55   53   44         1  1  1
  1972   55   53   45         1  1  1
  1973   55   53   46         1  1  1
  1974   55   53   50         1  1  1
  1975   55   53   51         1  1  1
  1976   55   53   52         1  1  1
  1977   55   53   57         1  1  1
  1978   55   54   42         1  1  1
  1979   55   54   45         1  1  1
  1980   55   54   49         1  1  1
  1981   55   54   50         1  1  1
  1982   55   54   51         1  1  1
  1983   55   54   52         1  1  1
  1984   55   54   53         1  1  1
  1985   55   54   57         1  1  1
  1986   55   55   42         1  1  1
  1987   55   55   43         1  1  1
  1988   55   55   44         1  1  1
  1989   55   55   45         1  1  1
  1990   55   55   46         1  1  1
  1991   55   55   47         1  1  1
  1992   55   55   50         1  1  1
  1993   55   55   51         1  1  1
  1994   55   55   53         1  1  1
  1995   55   55   57         1  1  1
  1996   55   55   58         1  1  1
  1997   55   56   43         1  1  1
  1998   55   56   45         1  1  1
  1999   55   56   47         1  1  1
  2000   55   56   50         1  1  1
  2001   55   56   51         1  1  1
  2002   55   56   54         1  1  1
  2003   55   56   55         1  1  1
  2004   55   56   56         1  1  1
  2005   55   56   57         1  1  1
  2006   55   56   58         1  1  1
  2007   55   56   59         1  1  1
  2008   55   56   61         1  1  1
  2009   55   57   44         1  1  1
  2010   55   57   45         1  1  1
  2011   55   57   49         1  1  1
  2012   55   57   57         1  1  1
  2013   55   58   45         1  1  1
  2014   55   58   55         1  1  1
  2015   55   58   57         1  1  1
  2016   55   59   45         1  1  1
  2017   55   59   51         1  1  1
  2018   55   59   52         1  1  1
  2019   55   60   43         1  1  1
  2020   55   60   44         1  1  1
  2021   55   60   45         1  1  1
  2022   55   60   46         1  1  1
  2023   55   60   47         1  1  1
  2024   55   61   45         1  1  1
  2025   55   62   45         1  1  1
  2026   56   42   60         1  1  1
  2027   56   43   60         1  1  1
  2028   56   44   51         1  1  1
  2029   56   44   58         1  1  1
  2030   56   44   59         1  1  1
  2031   56   44   60         1  1  1
  2032   56   44   61         1  1  1
  2033   56   44   62         1  1  1
  2034   56   45   46         1  1  1
  2035   56   45   50         1  1  1
  2036   56   45   54         1  1  1
  2037   56   45   56         1  1  1
  2038   56   45   60         1  1  1
  2039   56   45   62         1  1  1
  2040   56   46   44         1  1  1
  2041   56   46   49         1  1  1
  2042   56   46   50         1  1  1
  2043   56   46   53         1  1  1
  2044   56   46   55         1  1  1
  2045   56   46   56         1  1  1
  2046   56   46   58         1  1  1
  2047   56   46   60         1  1  1
  2048   56   47   43         1  1  1
  2049   56   47   48         1  1  1
  2050   56   47   49         1  1  1
  2051   56   47   50         1  1  1
  2052   56   47   51         1  1  1
  2053   56   47   52         1  1  1
  2054   56   47   54         1  1  1
  2055   56   47   55         1  1  1
  2056   56   47   56         1  1  1
  2057   56   47   57         1  1  1
  2058   56   47   58         1  1  1
  2059   56   48   46         1  1  1
  2060   56   48   47         1  1  1
  2061   56   48   50         1  1  1
  2062   56   48   52         1  1  1
  2063   56   48   56         1  1  1
  2064   56   49   40         1  1  1
  2065   56   49   41         1  1  1
  2066   56   49   46         1  1  1
  2067   56   49   47         1  1  1
  2068   56   49   50         1  1  1
  2069   56   49   53         1  1  1
  2070   56   49   55         1  1  1
  2071   56   49   56         1  1  1
  2072   56   49   60         1  1  1
  2073   56   50   41         1  1  1
  2074   56   50   45         1  1  1
  2075   56   50   46         1  1  1
  2076   56   50   47         1  1  1
  2077   56   50   48         1  1  1
  2078   56   50   49         1  1  1
  2079   56   50   51         1  1  1
  2080   56   50   55         1  1  1
  2081   56   50   58         1  1  1
  2082   56   51   41         1  1  1
  2083   56   51   46         1  1  1
  2084   56   51   47         1  1  1
  2085   56   51   50         1  1  1
  2086   56   51   52         1  1  1
  2087   56   51   53         1  1  1
  2088   56   51   55         1  1  1
  2089   56   51   56         1  1  1
  2090   56   52   39         1  1  1
  2091   56   52   40         1  1  1
  2092   56   52   41         1  1  1
  2093   56   52   42         1  1  1
  2094   56   52   43         1  1  1
  2095   56   52   45         1  1  1
  2096   56   52   46         1  1  1
  2097   56   52   47         1  1  1
  2098   56   52   48         1  1  1
  2099   56   52   52         1  1  1
  2100   56   52   53         1  1  1
  2101   56   52   54         1  1  1
  2102   56   52   55         1  1  1
  2103   56   52   56         1  1  1
  2104   56   52   57         1  1  1
  2105   56   53   41         1  1  1
  2106   56   53   42         1  1  1
  2107   56   53   44         1  1  1
  2108   56   53   45         1  1  1
  2109   56   53   46         1  1  1
  2110   56   53   47         1  1  1
  2111   56   53   48         1  1  1
  2112   56   53   50         1  1  1
  2113   56   53   51         1  1  1
  2114   56   53   52         1  1  1
  2115   56   53   53         1  1  1
  2116   56   53   54         1  1  1
  2117   56   53   55         1  1  1
  2118   56   53   57         1  1  1
  2119   56   54   41         1  1  1
  2120   56   54   46         1  1  1
  2121   56   54   50         1  1  1
  2122   56   54   51         1  1  1
  2123   56   54   52         1  1  1
  2124   56   54   55         1  1  1
  2125   56   55   45         1  1  1
  2126   56   55   46         1  1  1
  2127   56   55   50         1  1  1
  2128   56   55   52         1  1  1
  2129   56   55   53         1  1  1
  2130   56   56   43         1  1  1
  2131   56   56   48         1  1  1
  2132   56   56   49         1  1  1
  2133   56   56   50         1  1  1
  2134   56   56   51         1  1  1
  2135   56   56   52         1  1  1
  2136   56   56   54         1  1  1
  2137   56   56   57         1  1  1
  2138   56   57   49         1  1  1
  2139   56   57   50         1  1  1
  2140   56   57   52         1  1  1
  2141   56   58   50         1  1  1
  2142   56   58   52         1  1  1
  2143   56   58   55         1  1  1
  2144   56   59   50         1  1  1
  2145   56   59   51         1  1  1
  2146   56   59   52         1  1  1
  2147   56   59   53         1  1  1
  2148   56   59   54         1  1  1
  2149   56   60   45         1  1  1
  2150   56   60   52         1  1  1
  2151   56   61   52         1  1  1
  2152   57   44   53         1  1  1
  2153   57   44   60         1  1  1
  2154   57   45   50         1  1  1
  2155   57   45   53         1  1  1
  2156   57   45   54         1  1  1
  2157   57   45   62         1  1  1
  2158   57   46   44         1  1  1
  2159   57   46   49         1  1  1
  2160   57   46   51         1  1  1
  2161   57   46   52         1  1  1
  2162   57   46   53         1  1  1
  2163   57   46   54         1  1  1
  2164   57   46   55         1  1  1
  2165   57   46   57         1  1  1
  2166   57   46   58         1  1  1
  2167   57   47   50         1  1  1
  2168   57   47   53         1  1  1
  2169   57   47   56         1  1  1
  2170   57   47   61         1  1  1
  2171   57   48   46         1  1  1
  2172   57   48   51         1  1  1
  2173   57   48   53         1  1  1
  2174   57   49   40         1  1  1
  2175   57   49   41         1  1  1
  2176   57   49   46         1  1  1
  2177   57   49   49         1  1  1
  2178   57   49   51         1  1  1
  2179   57   49   53         1  1  1
  2180   57   49   55         1  1  1
  2181   57   49   60         1  1  1
  2182   57   50   47         1  1  1
  2183   57   50   49         1  1  1
  2184   57   50   50         1  1  1
  2185   57   50   51         1  1  1
  2186   57   50   52         1  1  1
  2187   57   50   53         1  1  1
  2188   57   50   54         1  1  1
  2189   57   51   50         1  1  1
  2190   57   51   51         1  1  1
  2191   57   51   56         1  1  1
  2192   57   51   57         1  1  1
  2193   57   52   41         1  1  1
  2194   57   52   45         1  1  1
  2195   57   52   48         1  1  1
  2196   57   52   51         1  1  1
  2197   57   52   55         1  1  1
  2198   57   52   57         1  1  1
  2199   57   53   42         1  1  1
  2200   57   53   46         1  1  1
  2201   57   53   51         1  1  1
  2202   57   53   52         1  1  1
  2203   57   53   53         1  1  1
  2204   57   53   55         1  1  1
  2205   57   53   56         1  1  1
  2206   57   53   57         1  1  1
  2207   57   53   58         1  1  1
  2208   57   53   59         1  1  1
  2209   57   54   51         1  1  1
  2210   57   54   53         1  1  1
  2211   57   54   57         1  1  1
  2212   57   55   45         1  1  1
  2213   57   55   51         1  1  1
  2214   57   55   52         1  1  1
  2215   57   55   53         1  1  1
  2216   57   55   54         1  1  1
  2217   57   55   55         1  1  1
  2218   57   55   57         1  1  1
  2219   57   56   50         1  1  1
  2220   57   56   53         1  1  1
  2221   57   56   54         1  1  1
  2222   57   56   57         1  1  1
  2223   57   57   53         1  1  1
  2224   57   59   52         1  1  1
  2225   57   60   45         1  1  1
  2226   58   44   60         1  1  1
  2227   58   45   50         1  1  1
  2228   58   46   46         1  1  1
  2229   58   46   49         1  1  1
  2230   58   46   53         1  1  1
  2231   58   46   57         1  1  1
  2232   58   47   40         1  1  1
  2233   58   47   46         1  1  1
  2234   58   47   50         1  1  1
  2235   58   47   53         1  1  1
  2236   58   47   56         1  1  1
  2237   58   47   58         1  1  1
  2238   58   47   61         1  1  1
  2239   58   48   40         1  1  1
  2240   58   48   44         1  1  1
  2241   58   48   45         1  1  1
  2242   58   48   46         1  1  1
  2243   58   48   47         1  1  1
  2244   58   48   48         1  1  1
  2245   58   48   53         1  1  1
  2246   58   49   38         1  1  1
  2247   58   49   39         1  1  1
  2248   58   49   40         1  1  1
  2249   58   49   41         1  1  1
  2250   58   49   42         1  1  1
  2251   58   49   46         1  1  1
  2252   58   49   49         1  1  1
  2253   58   49   51         1  1  1
  2254   58   49   52         1  1  1
  2255   58   49   53         1  1  1
  2256   58   49   54         1  1  1
  2257   58   49   55         1  1  1
  2258   58   49   56         1  1  1
  2259   58   50   40         1  1  1
  2260   58   50   46         1  1  1
  2261   58   50   47         1  1  1
  2262   58   50   48         1  1  1
  2263   58   50   50         1  1  1
  2264   58   50   51         1  1  1
  2265   58   50   53         1  1  1
  2266   58   50   54         1  1  1
  2267   58   50   56         1  1  1
  2268   58   50   57         1  1  1
  2269   58   51   40         1  1  1
  2270   58   51   44         1  1  1
  2271   58   51   48         1  1  1
  2272   58   51   53         1  1  1
  2273   58   51   54         1  1  1
  2274   58   51   55         1  1  1
  2275   58   51   56         1  1  1
  2276   58   51   57         1  1  1
  2277   58   51   58         1  1  1
  2278   58   52   41         1  1  1
  2279   58   52   45         1  1  1
  2280   58   52   46         1  1  1
  2281   58   52   47         1  1  1
  2282   58   52   48         1  1  1
  2283   58   52   49         1  1  1
  2284   58   52   50         1  1  1
  2285   58   52   55         1  1  1
  2286   58   52   56         1  1  1
  2287   58   53   46         1  1  1
  2288   58   53   48         1  1  1
  2289   58   53   51         1  1  1
  2290   58   53   52         1  1  1
  2291   58   53   56         1  1  1
  2292   58   53   57         1  1  1
  2293   58   54   48         1  1  1
  2294   58   54   54         1  1  1
  2295   58   54   55         1  1  1
  2296   58   55   53         1  1  1
  2297   58   55   54         1  1  1
  2298   58   56   50         1  1  1
  2299   58   56   52         1  1  1
  2300   58   56   53         1  1  1
  2301   58   56   54         1  1  1
  2302   58   56   55         1  1  1
  2303   58   56   56         1  1  1
  2304   58   57   54         1  1  1
  2305   58   58   54         1  1  1
  2306   58   59   52         1  1  1
  2307   59   43   50         1  1  1
  2308   59   44   50         1  1  1
  2309   59   44   57         1  1  1
  2310   59   45   48         1  1  1
  2311   59   45   49         1  1  1
  2312   59   45   50         1  1  1
  2313   59   45   51         1  1  1
  2314   59   45   52         1  1  1
  2315   59   45   57         1  1  1
  2316   59   45   61         1  1  1
  2317   59   46   49         1  1  1
  2318   59   46   50         1  1  1
  2319   59   46   53         1  1  1
  2320   59   46   55         1  1  1
  2321   59   46   56         1  1  1
  2322   59   46   57         1  1  1
  2323   59   46   58         1  1  1
  2324   59   46   59         1  1  1
  2325   59   46   61         1  1  1
  2326   59   47   49         1  1  1
  2327   59   47   50         1  1  1
  2328   59   47   57         1  1  1
  2329   59   47   58         1  1  1
  2330   59   47   59         1  1  1
  2331   59   47   60         1  1  1
  2332   59   47   61         1  1  1
  2333   59   47   62         1  1  1
  2334   59   47   63         1  1  1
  2335   59   48   46         1  1  1
  2336   59   48   49         1  1  1
  2337   59   48   54         1  1  1
  2338   59   48   55         1  1  1
  2339   59   48   57         1  1  1
  2340   59   48   61         1  1  1
  2341   59   49   40         1  1  1
  2342   59   49   47         1  1  1
  2343   59   49   48         1  1  1
  2344   59   49   49         1  1  1
  2345   59   49   50         1  1  1
  2346   59   49   51         1  1  1
  2347   59   49   53         1  1  1
  2348   59   49   54         1  1  1
  2349   59   49   61         1  1  1
  2350   59   50   45         1  1  1
  2351   59   50   49         1  1  1
  2352   59   50   50         1  1  1
  2353   59   50   51         1  1  1
  2354   59   50   52         1  1  1
  2355   59   50   53         1  1  1
  2356   59   50   54         1  1  1
  2357   59   50   55         1  1  1
  2358   59   50   56         1  1  1
  2359   59   50   57         1  1  1
  2360   59   51   44         1  1  1
  2361   59   51   45         1  1  1
  2362   59   51   48         1  1  1
  2363   59   51   49         1  1  1
  2364   59   51   51         1  1  1
  2365   59   51   54         1  1  1
  2366   59   51   56         1  1  1
  2367   59   52   43         1  1  1
  2368   59   52   44         1  1  1
  2369   59   52   45         1  1  1
  2370   59   52   46         1  1  1
  2371   59   52   47         1  1  1
  2372   59   52   48         1  1  1
  2373   59   52   51         1  1  1
  2374   59   52   53         1  1  1
  2375   59   52   54         1  1  1
  2376   59   53   45         1  1  1
  2377   59   53   49         1  1  1
  2378   59   53   50         1  1  1
  2379   59   53   51         1  1  1
  2380   59   53   52         1  1  1
  2381   59   53   53         1  1  1
  2382   59   53   56         1  1  1
  2383   59   53   57         1  1  1
  2384   59   54   45         1  1  1
  2385   59   54   51         1  1  1
  2386   59   54   55         1  1  1
  2387   59   55   51         1  1  1
  2388   59   55   53         1  1  1
  2389   59   56   54         1  1  1
  2390   60   44   49         1  1  1
  2391   60   45   49         1  1  1
  2392   60   45   50         1  1  1
  2393   60   45   58         1  1  1
  2394   60   46   47         1  1  1
  2395   60   46   48         1  1  1
  2396   60   46   49         1  1  1
  2397   60   46   50         1  1  1
  2398   60   46   51         1  1  1
  2399   60   46   57         1  1  1
  2400   60   46   58         1  1  1
  2401   60   47   49         1  1  1
  2402   60   47   56         1  1  1
  2403   60   47   57         1  1  1
  2404   60   47   58         1  1  1
  2405   60   47   59         1  1  1
  2406   60   47   60         1  1  1
  2407   60   47   61         1  1  1
  2408   60   48   46         1  1  1
  2409   60   48   49         1  1  1
  2410   60   48   50         1  1  1
  2411   60   48   55         1  1  1
  2412   60   48   57         1  1  1
  2413   60   48   58         1  1  1
  2414   60   49   40         1  1  1
  2415   60   49   44         1  1  1
  2416   60   49   49         1  1  1
  2417   60   49   50         1  1  1
  2418   60   49   53         1  1  1
  2419   60   49   57         1  1  1
  2420   60   49   58         1  1  1
  2421   60   50   44         1  1  1
  2422   60   50   48         1  1  1
  2423   60   50   49         1  1  1
  2424   60   50   50         1  1  1
  2425   60   50   51         1  1  1
  2426   60   50   52         1  1  1
  2427   60   50   54         1  1  1
  2428   60   50   55         1  1  1
  2429   60   50   56         1  1  1
  2430   60   50   57         1  1  1
  2431   60   50   58         1  1  1
  2432   60   50   59         1  1  1
  2433   60   51   42         1  1  1
  2434   60   51   43         1  1  1
  2435   60   51   44         1  1  1
  2436   60   51   45         1  1  1
  2437   60   51   46         1  1  1
  2438   60   51   48         1  1  1
  2439   60   51   50         1  1  1
  2440   60   51   56         1  1  1
  2441   60   51   57         1  1  1
  2442   60   52   44         1  1  1
  2443   60   52   45         1  1  1
  2444   60   52   48         1  1  1
  2445   60   52   50         1  1  1
  2446   60   52   53         1  1  1
  2447   60   52   55         1  1  1
  2448   60   52   57         1  1  1
  2449   60   53   44         1  1  1
  2450   60   53   51         1  1  1
  2451   60   53   55         1  1  1
  2452   60   53   56         1  1  1
  2453   60   54   53         1  1  1
  2454   60   54   54         1  1  1
  2455   60   54   55         1  1  1
  2456   60   54   56         1  1  1
  2457   60   54   57         1  1  1
  2458   60   55   55         1  1  1
  2459   60   56   54         1  1  1
  2460   60   56   55         1  1  1
  2461   61   45   50         1  1  1
  2462   61   46   49         1  1  1
  2463   61   46   55         1  1  1
  2464   61   46   57         1  1  1
  2465   61   47   55         1  1  1
  2466   61   47   58         1  1  1
  2467   61   47   61         1  1  1
  2468   61   48   49         1  1  1
  2469   61   48   53         1  1  1
  2470   61   48   54         1  1  1
  2471   61   48   55         1  1  1
  2472   61   48   56         1  1  1
  2473   61   48   57         1  1  1
  2474   61   49   48         1  1  1
  2475   61   49   49         1  1  1
  2476   61   49   55         1  1  1
  2477   61   50   48         1  1  1
  2478   61   50   50         1  1  1
  2479   61   50   53         1  1  1
  2480   61   50   54         1  1  1
  2481   61   50   55         1  1  1
  2482   61   50   57         1  1  1
  2483   61   51   44         1  1  1
  2484   61   51   46         1  1  1
  2485   61   51   47         1  1  1
  2486   61   51   48         1  1  1
  2487   61   51   49         1  1  1
  2488   61   51   50         1  1  1
  2489   61   51   53         1  1  1
  2490   61   51   56         1  1  1
  2491   61   52   45         1  1  1
  2492   61   52   48         1  1  1
  2493   61   52   51         1  1  1
  2494   61   52   52         1  1  1
  2495   61   52   53         1  1  1
  2496   61   52   54         1  1  1
  2497   61   52   55         1  1  1
  2498   61   52   56         1  1  1
  2499   61   53   48         1  1  1
  2500   61   53   51         1  1  1
  2501   61   53   53         1  1  1
  2502   61   53   54         1  1  1
  2503   61   53   55         1  1  1
  2504   61   53   56         1  1  1
  2505   61   53   57         1  1  1
  2506   61   53   58         1  1  1
  2507   61   53   59         1  1  1
  2508   61   54   53         1  1  1
  2509   61   54   55         1  1  1
  2510   61   54   56         1  1  1
  2511   61   55   56         1  1  1
  2512   62   46   49         1  1  1
  2513   62   47   58         1  1  1
  2514   62   48   49         1  1  1
  2515   62   48   55         1  1  1
  2516   62   50   50         1  1  1
  2517   62   50   57         1  1  1
  2518   62   51   44         1  1  1
  2519   62   51   48         1  1  1
  2520   62   52   53         1  1  1
  2521   62   53   56         1  1  1
  2522   62   53   59         1  1  1
  2523   62   54   55         1  1  1
  2524   63   46   49         1  1  1
  2525   63   47   49         1  1  1
  2526   63   48   47         1  1  1
  2527   63   48   48         1  1  1
  2528   63   48   49         1  1  1
  2529   63   48   50         1  1  1
  2530   63   48   51         1  1  1
  2531   63   48   55         1  1  1
  2532   63   49   49         1  1  1
  2533   63   50   49         1  1  1
  2534   63   51   48         1  1  1
  2535   63   51   59         1  1  1
  2536   63   52   53         1  1  1
  2537   63   52   59         1  1  1
  2538   63   53   56         1  1  1
  2539   63   53   57         1  1  1
  2540   63   53   58         1  1  1
  2541   63   53   59         1  1  1
  2542   63   53   60         1  1  1
  2543   63   53   61         1  1  1
  2544   63   54   59         1  1  1
  2545   63   55   59         1  1  1
  2546   64   48   49         1  1  1
  2547   64   53   59         1  1  1
  2548   65   48   49         1  1  1
  2549   65   53   59         1  1  1

